-----------------------------------
Epoch 1

--- POS Classification Report ---
              precision    recall  f1-score   support

         NNS       0.65      0.66      0.65      7038
          IN       0.60      0.66      0.63     11786
         VBP       0.76      0.72      0.74      1555
         VBN       0.70      0.62      0.66      3150
         NNP       0.72      0.79      0.76     12934
          TO       0.58      0.62      0.60      2385
          VB       0.52      0.59      0.55      2488
          DT       0.67      0.74      0.71      9473
          NN       0.63      0.62      0.62     13617
          CC       0.50      0.51      0.50      2257
          JJ       0.64      0.61      0.63      7558
           .       0.41      0.42      0.42      2309
         VBD       0.67      0.68      0.68      3826
          WP       0.00      0.00      0.00       275
          ``       0.00      0.00      0.00       323
          CD       0.56      0.67      0.61      2228
         PRP       0.63      0.60      0.61      1312
         VBZ       0.72      0.79      0.75      2508
         POS       0.61      0.64      0.63      1109
         VBG       0.56      0.50      0.53      1817
          RB       0.64      0.49      0.56      1998
           ,       0.57      0.23      0.33      3151
         WRB       0.00      0.00      0.00       225
        PRP$       0.64      0.50      0.56       905
          MD       0.65      0.52      0.58       690
         WDT       0.00      0.00      0.00       355
         JJR       1.00      0.01      0.02       280
           :       0.00      0.00      0.00        72
         JJS       0.69      0.24      0.36       295
         WP$       0.00      0.00      0.00        12
          RP       0.00      0.00      0.00       233
         PDT       0.00      0.00      0.00        16
        NNPS       0.89      0.17      0.29       223
          EX       0.00      0.00      0.00        73
         RBS       0.00      0.00      0.00        20
         LRB       0.00      0.00      0.00        68
         RRB       0.00      0.00      0.00        61
           $       0.00      0.00      0.00        95
         RBR       0.00      0.00      0.00        84
           ;       0.00      0.00      0.00        10
          UH       0.00      0.00      0.00         2

   micro avg       0.64      0.63      0.63     98816
   macro avg       0.40      0.33      0.34     98816
weighted avg       0.63      0.63      0.62     98816

--- TAG (NER) Classification Report ---
              precision    recall  f1-score   support

           O       0.93      0.96      0.95     83208
       B-geo       0.62      0.52      0.57      3598
       B-gpe       0.71      0.62      0.66      1550
       B-per       0.67      0.52      0.58      1738
       I-geo       0.71      0.13      0.23       707
       B-org       0.60      0.34      0.43      1956
       I-org       0.60      0.48      0.54      1662
       B-tim       0.63      0.43      0.51      1896
       B-art       0.00      0.00      0.00        36
       I-art       0.00      0.00      0.00        29
       I-per       0.63      0.76      0.69      1763
       I-gpe       0.00      0.00      0.00        25
       I-tim       0.55      0.02      0.04       581
       B-nat       0.00      0.00      0.00        22
       B-eve       0.00      0.00      0.00        25
       I-eve       0.00      0.00      0.00        15
       I-nat       0.00      0.00      0.00         5

   micro avg       0.90      0.88      0.89     98816
   macro avg       0.39      0.28      0.31     98816
weighted avg       0.89      0.88      0.88     98816

POS:  tensor(1.0657, device='cuda:0')
TAG:  tensor(0.3359, device='cuda:0')
-----------------
epoch time:  131.90318322181702
-----------------------------------
Epoch 2

--- POS Classification Report ---
              precision    recall  f1-score   support

         NNS       0.76      0.70      0.73      7038
          IN       0.68      0.75      0.72     11786
         VBP       0.75      0.84      0.80      1555
         VBN       0.76      0.70      0.73      3150
         NNP       0.79      0.83      0.81     12934
          TO       0.67      0.73      0.70      2385
          VB       0.68      0.67      0.67      2488
          DT       0.76      0.79      0.78      9473
          NN       0.72      0.69      0.71     13617
          CC       0.56      0.67      0.61      2257
          JJ       0.71      0.72      0.71      7558
           .       0.59      0.62      0.60      2309
         VBD       0.75      0.74      0.74      3826
          WP       0.68      0.34      0.45       275
          ``       0.00      0.00      0.00       323
          CD       0.65      0.75      0.70      2228
         PRP       0.68      0.72      0.70      1312
         VBZ       0.78      0.85      0.81      2508
         POS       0.74      0.76      0.75      1109
         VBG       0.64      0.63      0.64      1817
          RB       0.69      0.58      0.63      1998
           ,       0.63      0.35      0.45      3151
         WRB       0.73      0.26      0.39       225
        PRP$       0.69      0.68      0.69       905
          MD       0.69      0.72      0.71       690
         WDT       0.62      0.45      0.52       355
         JJR       0.66      0.42      0.52       280
           :       0.00      0.00      0.00        72
         JJS       0.74      0.65      0.69       295
         WP$       0.00      0.00      0.00        12
          RP       0.92      0.24      0.39       233
         PDT       0.00      0.00      0.00        16
        NNPS       0.77      0.34      0.47       223
          EX       1.00      0.49      0.66        73
         RBS       0.00      0.00      0.00        20
         LRB       0.00      0.00      0.00        68
         RRB       0.00      0.00      0.00        61
           $       0.90      0.28      0.43        95
         RBR       0.00      0.00      0.00        84
           ;       0.00      0.00      0.00        10
          UH       0.00      0.00      0.00         2

   micro avg       0.72      0.71      0.72     98816
   macro avg       0.55      0.46      0.48     98816
weighted avg       0.71      0.71      0.71     98816

--- TAG (NER) Classification Report ---
              precision    recall  f1-score   support

           O       0.96      0.96      0.96     83208
       B-geo       0.66      0.64      0.65      3598
       B-gpe       0.74      0.74      0.74      1550
       B-per       0.70      0.62      0.66      1738
       I-geo       0.58      0.48      0.53       707
       B-org       0.62      0.45      0.52      1956
       I-org       0.61      0.58      0.59      1662
       B-tim       0.65      0.60      0.62      1896
       B-art       0.00      0.00      0.00        36
       I-art       0.00      0.00      0.00        29
       I-per       0.64      0.84      0.73      1763
       I-gpe       0.00      0.00      0.00        25
       I-tim       0.65      0.34      0.45       581
       B-nat       0.00      0.00      0.00        22
       B-eve       0.00      0.00      0.00        25
       I-eve       0.00      0.00      0.00        15
       I-nat       0.00      0.00      0.00         5

   micro avg       0.91      0.90      0.91     98816
   macro avg       0.40      0.37      0.38     98816
weighted avg       0.91      0.90      0.91     98816

POS:  tensor(0.8250, device='cuda:0')
TAG:  tensor(0.2816, device='cuda:0')
-----------------
epoch time:  132.80224084854126
-----------------------------------
Epoch 3

--- POS Classification Report ---
              precision    recall  f1-score   support

         NNS       0.75      0.77      0.76      7038
          IN       0.74      0.76      0.75     11786
         VBP       0.81      0.84      0.82      1555
         VBN       0.75      0.77      0.76      3150
         NNP       0.83      0.81      0.82     12934
          TO       0.71      0.77      0.74      2385
          VB       0.70      0.73      0.71      2488
          DT       0.78      0.82      0.80      9473
          NN       0.75      0.73      0.74     13617
          CC       0.62      0.67      0.64      2257
          JJ       0.75      0.74      0.74      7558
           .       0.54      0.60      0.57      2309
         VBD       0.77      0.78      0.77      3826
          WP       0.63      0.55      0.59       275
          ``       0.00      0.00      0.00       323
          CD       0.72      0.74      0.73      2228
         PRP       0.71      0.76      0.73      1312
         VBZ       0.84      0.84      0.84      2508
         POS       0.76      0.82      0.79      1109
         VBG       0.69      0.67      0.68      1817
          RB       0.73      0.64      0.68      1998
           ,       0.68      0.41      0.51      3151
         WRB       0.63      0.45      0.53       225
        PRP$       0.70      0.74      0.72       905
          MD       0.74      0.79      0.76       690
         WDT       0.66      0.59      0.62       355
         JJR       0.67      0.62      0.65       280
           :       0.00      0.00      0.00        72
         JJS       0.74      0.75      0.74       295
         WP$       0.00      0.00      0.00        12
          RP       0.81      0.48      0.60       233
         PDT       0.00      0.00      0.00        16
        NNPS       0.74      0.41      0.53       223
          EX       0.98      0.60      0.75        73
         RBS       0.00      0.00      0.00        20
         LRB       0.00      0.00      0.00        68
         RRB       0.00      0.00      0.00        61
           $       0.81      0.46      0.59        95
         RBR       0.75      0.18      0.29        84
           ;       0.00      0.00      0.00        10
          UH       0.00      0.00      0.00         2

   micro avg       0.75      0.74      0.75     98816
   macro avg       0.57      0.52      0.54     98816
weighted avg       0.75      0.74      0.74     98816

--- TAG (NER) Classification Report ---
              precision    recall  f1-score   support

           O       0.96      0.97      0.96     83208
       B-geo       0.69      0.66      0.68      3598
       B-gpe       0.79      0.77      0.78      1550
       B-per       0.73      0.64      0.68      1738
       I-geo       0.61      0.53      0.57       707
       B-org       0.68      0.46      0.55      1956
       I-org       0.72      0.55      0.62      1662
       B-tim       0.73      0.60      0.65      1896
       B-art       0.00      0.00      0.00        36
       I-art       0.00      0.00      0.00        29
       I-per       0.69      0.82      0.75      1763
       I-gpe       0.00      0.00      0.00        25
       I-tim       0.66      0.44      0.53       581
       B-nat       0.00      0.00      0.00        22
       B-eve       0.00      0.00      0.00        25
       I-eve       0.00      0.00      0.00        15
       I-nat       0.00      0.00      0.00         5

   micro avg       0.92      0.91      0.92     98816
   macro avg       0.43      0.38      0.40     98816
weighted avg       0.92      0.91      0.91     98816

POS:  tensor(0.7584, device='cuda:0')
TAG:  tensor(0.2638, device='cuda:0')
-----------------
epoch time:  132.33716464042664
-----------------------------------
Epoch 4

--- POS Classification Report ---
              precision    recall  f1-score   support

         NNS       0.76      0.75      0.76      7038
          IN       0.75      0.75      0.75     11786
         VBP       0.84      0.81      0.82      1555
         VBN       0.73      0.77      0.75      3150
         NNP       0.83      0.82      0.83     12934
          TO       0.71      0.76      0.74      2385
          VB       0.73      0.72      0.73      2488
          DT       0.79      0.80      0.80      9473
          NN       0.74      0.75      0.74     13617
          CC       0.64      0.65      0.64      2257
          JJ       0.74      0.74      0.74      7558
           .       0.48      0.56      0.52      2309
         VBD       0.77      0.78      0.77      3826
          WP       0.64      0.61      0.63       275
          ``       0.00      0.00      0.00       323
          CD       0.73      0.74      0.73      2228
         PRP       0.74      0.74      0.74      1312
         VBZ       0.84      0.85      0.84      2508
         POS       0.75      0.82      0.79      1109
         VBG       0.67      0.69      0.68      1817
          RB       0.73      0.65      0.69      1998
           ,       0.68      0.42      0.52      3151
         WRB       0.60      0.54      0.57       225
        PRP$       0.72      0.72      0.72       905
          MD       0.74      0.78      0.76       690
         WDT       0.68      0.60      0.64       355
         JJR       0.66      0.66      0.66       280
           :       0.00      0.00      0.00        72
         JJS       0.76      0.76      0.76       295
         WP$       0.00      0.00      0.00        12
          RP       0.76      0.60      0.67       233
         PDT       0.00      0.00      0.00        16
        NNPS       0.68      0.48      0.56       223
          EX       0.93      0.68      0.79        73
         RBS       0.00      0.00      0.00        20
         LRB       0.00      0.00      0.00        68
         RRB       0.00      0.00      0.00        61
           $       0.81      0.60      0.69        95
         RBR       0.72      0.25      0.37        84
           ;       0.00      0.00      0.00        10
          UH       0.00      0.00      0.00         2

   micro avg       0.75      0.74      0.75     98816
   macro avg       0.57      0.53      0.55     98816
weighted avg       0.75      0.74      0.74     98816

--- TAG (NER) Classification Report ---
              precision    recall  f1-score   support

           O       0.96      0.96      0.96     83208
       B-geo       0.67      0.68      0.68      3598
       B-gpe       0.78      0.77      0.78      1550
       B-per       0.71      0.66      0.68      1738
       I-geo       0.61      0.55      0.58       707
       B-org       0.68      0.47      0.56      1956
       I-org       0.71      0.58      0.64      1662
       B-tim       0.70      0.62      0.65      1896
       B-art       0.00      0.00      0.00        36
       I-art       0.00      0.00      0.00        29
       I-per       0.69      0.82      0.75      1763
       I-gpe       0.00      0.00      0.00        25
       I-tim       0.67      0.46      0.55       581
       B-nat       0.00      0.00      0.00        22
       B-eve       0.00      0.00      0.00        25
       I-eve       0.00      0.00      0.00        15
       I-nat       0.00      0.00      0.00         5

   micro avg       0.92      0.91      0.91     98816
   macro avg       0.42      0.39      0.40     98816
weighted avg       0.92      0.91      0.91     98816

POS:  tensor(0.7827, device='cuda:0')
TAG:  tensor(0.2706, device='cuda:0')
-----------------
epoch time:  132.26939058303833
-----------------------------------
Epoch 5

--- POS Classification Report ---
              precision    recall  f1-score   support

         NNS       0.79      0.77      0.78      7038
          IN       0.77      0.78      0.77     11786
         VBP       0.82      0.85      0.83      1555
         VBN       0.77      0.79      0.78      3150
         NNP       0.84      0.84      0.84     12934
          TO       0.76      0.79      0.77      2385
          VB       0.75      0.75      0.75      2488
          DT       0.81      0.83      0.82      9473
          NN       0.77      0.76      0.76     13617
          CC       0.63      0.70      0.67      2257
          JJ       0.77      0.76      0.77      7558
           .       0.55      0.59      0.57      2309
         VBD       0.80      0.79      0.80      3826
          WP       0.67      0.69      0.68       275
          ``       0.67      0.01      0.01       323
          CD       0.77      0.77      0.77      2228
         PRP       0.75      0.77      0.76      1312
         VBZ       0.87      0.86      0.86      2508
         POS       0.78      0.84      0.81      1109
         VBG       0.73      0.70      0.71      1817
          RB       0.73      0.71      0.72      1998
           ,       0.67      0.49      0.56      3151
         WRB       0.66      0.59      0.62       225
        PRP$       0.73      0.75      0.74       905
          MD       0.75      0.81      0.78       690
         WDT       0.70      0.67      0.68       355
         JJR       0.67      0.71      0.69       280
           :       0.00      0.00      0.00        72
         JJS       0.76      0.80      0.78       295
         WP$       0.00      0.00      0.00        12
          RP       0.77      0.65      0.70       233
         PDT       0.00      0.00      0.00        16
        NNPS       0.68      0.53      0.60       223
          EX       0.90      0.75      0.82        73
         RBS       0.00      0.00      0.00        20
         LRB       0.00      0.00      0.00        68
         RRB       0.00      0.00      0.00        61
           $       0.80      0.73      0.76        95
         RBR       0.72      0.27      0.40        84
           ;       0.00      0.00      0.00        10
          UH       0.00      0.00      0.00         2

   micro avg       0.77      0.77      0.77     98816
   macro avg       0.60      0.56      0.57     98816
weighted avg       0.77      0.77      0.77     98816

--- TAG (NER) Classification Report ---
              precision    recall  f1-score   support

           O       0.96      0.96      0.96     83208
       B-geo       0.70      0.70      0.70      3598
       B-gpe       0.79      0.81      0.80      1550
       B-per       0.72      0.68      0.70      1738
       I-geo       0.63      0.58      0.61       707
       B-org       0.66      0.51      0.57      1956
       I-org       0.69      0.60      0.64      1662
       B-tim       0.72      0.63      0.67      1896
       B-art       0.00      0.00      0.00        36
       I-art       0.00      0.00      0.00        29
       I-per       0.71      0.84      0.77      1763
       I-gpe       0.00      0.00      0.00        25
       I-tim       0.63      0.50      0.56       581
       B-nat       0.00      0.00      0.00        22
       B-eve       0.00      0.00      0.00        25
       I-eve       0.00      0.00      0.00        15
       I-nat       0.00      0.00      0.00         5

   micro avg       0.92      0.91      0.92     98816
   macro avg       0.42      0.40      0.41     98816
weighted avg       0.92      0.91      0.92     98816

POS:  tensor(0.7187, device='cuda:0')
TAG:  tensor(0.2581, device='cuda:0')
-----------------
epoch time:  132.65715956687927
-----------------------------------
Epoch 6

--- POS Classification Report ---
              precision    recall  f1-score   support

         NNS       0.78      0.79      0.79      7038
          IN       0.77      0.79      0.78     11786
         VBP       0.82      0.85      0.83      1555
         VBN       0.79      0.78      0.78      3150
         NNP       0.84      0.85      0.84     12934
          TO       0.75      0.79      0.77      2385
          VB       0.75      0.77      0.76      2488
          DT       0.82      0.83      0.82      9473
          NN       0.79      0.76      0.77     13617
          CC       0.65      0.72      0.68      2257
          JJ       0.77      0.78      0.77      7558
           .       0.65      0.66      0.65      2309
         VBD       0.80      0.80      0.80      3826
          WP       0.64      0.70      0.67       275
          ``       0.62      0.02      0.03       323
          CD       0.76      0.78      0.77      2228
         PRP       0.76      0.78      0.77      1312
         VBZ       0.87      0.85      0.86      2508
         POS       0.80      0.82      0.81      1109
         VBG       0.72      0.71      0.71      1817
          RB       0.74      0.72      0.73      1998
           ,       0.69      0.48      0.57      3151
         WRB       0.65      0.63      0.64       225
        PRP$       0.74      0.76      0.75       905
          MD       0.75      0.82      0.78       690
         WDT       0.70      0.74      0.72       355
         JJR       0.67      0.76      0.71       280
           :       0.00      0.00      0.00        72
         JJS       0.78      0.83      0.81       295
         WP$       0.00      0.00      0.00        12
          RP       0.76      0.69      0.72       233
         PDT       0.00      0.00      0.00        16
        NNPS       0.66      0.58      0.62       223
          EX       0.86      0.77      0.81        73
         RBS       0.00      0.00      0.00        20
         LRB       0.00      0.00      0.00        68
         RRB       0.00      0.00      0.00        61
           $       0.78      0.77      0.78        95
         RBR       0.66      0.30      0.41        84
           ;       0.00      0.00      0.00        10
          UH       0.00      0.00      0.00         2

   micro avg       0.78      0.77      0.78     98816
   macro avg       0.60      0.58      0.58     98816
weighted avg       0.78      0.77      0.77     98816

--- TAG (NER) Classification Report ---
              precision    recall  f1-score   support

           O       0.97      0.96      0.97     83208
       B-geo       0.68      0.74      0.71      3598
       B-gpe       0.80      0.81      0.81      1550
       B-per       0.72      0.68      0.70      1738
       I-geo       0.62      0.60      0.61       707
       B-org       0.64      0.53      0.58      1956
       I-org       0.69      0.62      0.65      1662
       B-tim       0.72      0.66      0.69      1896
       B-art       0.00      0.00      0.00        36
       I-art       0.00      0.00      0.00        29
       I-per       0.70      0.85      0.77      1763
       I-gpe       0.00      0.00      0.00        25
       I-tim       0.66      0.54      0.59       581
       B-nat       0.00      0.00      0.00        22
       B-eve       0.00      0.00      0.00        25
       I-eve       0.20      0.13      0.16        15
       I-nat       0.00      0.00      0.00         5

   micro avg       0.93      0.92      0.92     98816
   macro avg       0.43      0.42      0.43     98816
weighted avg       0.92      0.92      0.92     98816

POS:  tensor(0.7230, device='cuda:0')
TAG:  tensor(0.2529, device='cuda:0')
-----------------
epoch time:  134.91203999519348
-----------------------------------
Epoch 7

--- POS Classification Report ---
              precision    recall  f1-score   support

         NNS       0.79      0.79      0.79      7038
          IN       0.78      0.79      0.79     11786
         VBP       0.82      0.85      0.84      1555
         VBN       0.79      0.79      0.79      3150
         NNP       0.85      0.84      0.85     12934
          TO       0.76      0.79      0.78      2385
          VB       0.74      0.77      0.76      2488
          DT       0.82      0.84      0.83      9473
          NN       0.78      0.77      0.78     13617
          CC       0.66      0.74      0.70      2257
          JJ       0.78      0.78      0.78      7558
           .       0.68      0.67      0.67      2309
         VBD       0.82      0.80      0.81      3826
          WP       0.67      0.70      0.68       275
          ``       0.38      0.02      0.03       323
          CD       0.77      0.79      0.78      2228
         PRP       0.76      0.79      0.77      1312
         VBZ       0.87      0.87      0.87      2508
         POS       0.79      0.87      0.83      1109
         VBG       0.74      0.73      0.73      1817
          RB       0.74      0.72      0.73      1998
           ,       0.69      0.52      0.59      3151
         WRB       0.65      0.68      0.67       225
        PRP$       0.73      0.79      0.76       905
          MD       0.75      0.81      0.78       690
         WDT       0.73      0.72      0.72       355
         JJR       0.67      0.75      0.71       280
           :       0.00      0.00      0.00        72
         JJS       0.76      0.81      0.79       295
         WP$       0.00      0.00      0.00        12
          RP       0.72      0.67      0.69       233
         PDT       0.00      0.00      0.00        16
        NNPS       0.68      0.58      0.62       223
          EX       0.86      0.82      0.84        73
         RBS       1.00      0.05      0.10        20
         LRB       0.00      0.00      0.00        68
         RRB       0.00      0.00      0.00        61
           $       0.76      0.81      0.79        95
         RBR       0.66      0.35      0.45        84
           ;       0.00      0.00      0.00        10
          UH       0.00      0.00      0.00         2

   micro avg       0.79      0.78      0.78     98816
   macro avg       0.62      0.59      0.59     98816
weighted avg       0.78      0.78      0.78     98816

--- TAG (NER) Classification Report ---
              precision    recall  f1-score   support

           O       0.97      0.96      0.97     83208
       B-geo       0.69      0.74      0.71      3598
       B-gpe       0.80      0.83      0.81      1550
       B-per       0.73      0.69      0.71      1738
       I-geo       0.61      0.61      0.61       707
       B-org       0.67      0.53      0.59      1956
       I-org       0.69      0.62      0.65      1662
       B-tim       0.71      0.68      0.70      1896
       B-art       0.00      0.00      0.00        36
       I-art       0.00      0.00      0.00        29
       I-per       0.73      0.82      0.77      1763
       I-gpe       0.00      0.00      0.00        25
       I-tim       0.62      0.56      0.59       581
       B-nat       0.00      0.00      0.00        22
       B-eve       0.00      0.00      0.00        25
       I-eve       0.17      0.13      0.15        15
       I-nat       0.00      0.00      0.00         5

   micro avg       0.93      0.92      0.92     98816
   macro avg       0.43      0.42      0.43     98816
weighted avg       0.92      0.92      0.92     98816

POS:  tensor(0.7041, device='cuda:0')
TAG:  tensor(0.2487, device='cuda:0')
-----------------
epoch time:  137.00891494750977
-----------------------------------
Epoch 8

--- POS Classification Report ---
              precision    recall  f1-score   support

         NNS       0.79      0.80      0.80      7038
          IN       0.79      0.80      0.80     11786
         VBP       0.84      0.85      0.85      1555
         VBN       0.79      0.80      0.80      3150
         NNP       0.85      0.85      0.85     12934
          TO       0.75      0.80      0.78      2385
          VB       0.76      0.77      0.77      2488
          DT       0.82      0.85      0.83      9473
          NN       0.79      0.77      0.78     13617
          CC       0.68      0.72      0.70      2257
          JJ       0.78      0.79      0.79      7558
           .       0.71      0.67      0.69      2309
         VBD       0.81      0.81      0.81      3826
          WP       0.64      0.74      0.69       275
          ``       0.43      0.02      0.04       323
          CD       0.78      0.80      0.79      2228
         PRP       0.78      0.78      0.78      1312
         VBZ       0.87      0.87      0.87      2508
         POS       0.80      0.86      0.83      1109
         VBG       0.76      0.72      0.74      1817
          RB       0.76      0.73      0.74      1998
           ,       0.68      0.54      0.60      3151
         WRB       0.63      0.73      0.68       225
        PRP$       0.74      0.80      0.77       905
          MD       0.77      0.82      0.79       690
         WDT       0.73      0.72      0.72       355
         JJR       0.68      0.78      0.72       280
           :       0.00      0.00      0.00        72
         JJS       0.77      0.84      0.81       295
         WP$       0.00      0.00      0.00        12
          RP       0.71      0.71      0.71       233
         PDT       0.00      0.00      0.00        16
        NNPS       0.67      0.59      0.63       223
          EX       0.87      0.82      0.85        73
         RBS       1.00      0.30      0.46        20
         LRB       0.67      0.03      0.06        68
         RRB       0.00      0.00      0.00        61
           $       0.80      0.82      0.81        95
         RBR       0.65      0.37      0.47        84
           ;       0.00      0.00      0.00        10
          UH       0.00      0.00      0.00         2

   micro avg       0.79      0.79      0.79     98816
   macro avg       0.64      0.60      0.60     98816
weighted avg       0.79      0.79      0.79     98816

--- TAG (NER) Classification Report ---
              precision    recall  f1-score   support

           O       0.97      0.97      0.97     83208
       B-geo       0.69      0.74      0.72      3598
       B-gpe       0.81      0.82      0.82      1550
       B-per       0.73      0.69      0.71      1738
       I-geo       0.63      0.63      0.63       707
       B-org       0.66      0.53      0.59      1956
       I-org       0.71      0.62      0.66      1662
       B-tim       0.71      0.69      0.70      1896
       B-art       0.00      0.00      0.00        36
       I-art       0.00      0.00      0.00        29
       I-per       0.71      0.84      0.77      1763
       I-gpe       0.00      0.00      0.00        25
       I-tim       0.65      0.55      0.60       581
       B-nat       0.00      0.00      0.00        22
       B-eve       0.00      0.00      0.00        25
       I-eve       0.17      0.13      0.15        15
       I-nat       0.00      0.00      0.00         5

   micro avg       0.93      0.92      0.93     98816
   macro avg       0.44      0.42      0.43     98816
weighted avg       0.93      0.92      0.92     98816

POS:  tensor(0.7150, device='cuda:0')
TAG:  tensor(0.2498, device='cuda:0')
-----------------
epoch time:  131.12526512145996
-----------------------------------
Epoch 9

--- POS Classification Report ---
              precision    recall  f1-score   support

         NNS       0.79      0.81      0.80      7038
          IN       0.80      0.80      0.80     11786
         VBP       0.84      0.86      0.85      1555
         VBN       0.80      0.80      0.80      3150
         NNP       0.85      0.86      0.85     12934
          TO       0.77      0.80      0.79      2385
          VB       0.76      0.78      0.77      2488
          DT       0.83      0.84      0.84      9473
          NN       0.79      0.78      0.79     13617
          CC       0.67      0.72      0.70      2257
          JJ       0.78      0.79      0.79      7558
           .       0.73      0.66      0.69      2309
         VBD       0.81      0.81      0.81      3826
          WP       0.67      0.72      0.69       275
          ``       0.27      0.02      0.03       323
          CD       0.78      0.81      0.79      2228
         PRP       0.76      0.80      0.78      1312
         VBZ       0.87      0.88      0.87      2508
         POS       0.82      0.86      0.84      1109
         VBG       0.74      0.74      0.74      1817
          RB       0.74      0.74      0.74      1998
           ,       0.69      0.54      0.60      3151
         WRB       0.65      0.70      0.67       225
        PRP$       0.75      0.80      0.77       905
          MD       0.79      0.83      0.81       690
         WDT       0.74      0.73      0.73       355
         JJR       0.70      0.75      0.73       280
           :       0.00      0.00      0.00        72
         JJS       0.80      0.84      0.82       295
         WP$       0.00      0.00      0.00        12
          RP       0.71      0.71      0.71       233
         PDT       0.00      0.00      0.00        16
        NNPS       0.69      0.60      0.64       223
          EX       0.89      0.88      0.88        73
         RBS       0.83      0.25      0.38        20
         LRB       0.67      0.03      0.06        68
         RRB       0.00      0.00      0.00        61
           $       0.82      0.83      0.83        95
         RBR       0.65      0.38      0.48        84
           ;       0.00      0.00      0.00        10
          UH       0.00      0.00      0.00         2

   micro avg       0.80      0.79      0.79     98816
   macro avg       0.64      0.60      0.61     98816
weighted avg       0.79      0.79      0.79     98816

--- TAG (NER) Classification Report ---
              precision    recall  f1-score   support

           O       0.97      0.97      0.97     83208
       B-geo       0.69      0.75      0.72      3598
       B-gpe       0.81      0.83      0.82      1550
       B-per       0.72      0.71      0.72      1738
       I-geo       0.61      0.62      0.62       707
       B-org       0.64      0.55      0.59      1956
       I-org       0.70      0.63      0.66      1662
       B-tim       0.71      0.69      0.70      1896
       B-art       0.00      0.00      0.00        36
       I-art       0.00      0.00      0.00        29
       I-per       0.73      0.83      0.78      1763
       I-gpe       0.00      0.00      0.00        25
       I-tim       0.65      0.56      0.60       581
       B-nat       0.00      0.00      0.00        22
       B-eve       0.00      0.00      0.00        25
       I-eve       0.22      0.13      0.17        15
       I-nat       0.00      0.00      0.00         5

   micro avg       0.93      0.92      0.93     98816
   macro avg       0.44      0.43      0.43     98816
weighted avg       0.93      0.92      0.92     98816

POS:  tensor(0.7299, device='cuda:0')
TAG:  tensor(0.2496, device='cuda:0')
-----------------
epoch time:  133.6162974834442
-----------------------------------
Epoch 10

--- POS Classification Report ---
              precision    recall  f1-score   support

         NNS       0.80      0.81      0.80      7038
          IN       0.80      0.79      0.80     11786
         VBP       0.84      0.86      0.85      1555
         VBN       0.81      0.80      0.80      3150
         NNP       0.85      0.86      0.85     12934
          TO       0.76      0.80      0.78      2385
          VB       0.76      0.78      0.77      2488
          DT       0.82      0.84      0.83      9473
          NN       0.79      0.78      0.79     13617
          CC       0.67      0.72      0.70      2257
          JJ       0.79      0.79      0.79      7558
           .       0.76      0.65      0.70      2309
         VBD       0.80      0.82      0.81      3826
          WP       0.68      0.74      0.71       275
          ``       0.27      0.03      0.05       323
          CD       0.78      0.80      0.79      2228
         PRP       0.78      0.80      0.79      1312
         VBZ       0.87      0.88      0.88      2508
         POS       0.82      0.87      0.85      1109
         VBG       0.74      0.75      0.74      1817
          RB       0.76      0.74      0.75      1998
           ,       0.69      0.56      0.62      3151
         WRB       0.66      0.70      0.68       225
        PRP$       0.75      0.80      0.77       905
          MD       0.78      0.81      0.80       690
         WDT       0.73      0.74      0.74       355
         JJR       0.69      0.75      0.72       280
           :       0.00      0.00      0.00        72
         JJS       0.82      0.85      0.84       295
         WP$       0.00      0.00      0.00        12
          RP       0.69      0.71      0.70       233
         PDT       1.00      0.06      0.12        16
        NNPS       0.67      0.63      0.65       223
          EX       0.89      0.88      0.88        73
         RBS       0.75      0.45      0.56        20
         LRB       0.50      0.03      0.06        68
         RRB       0.00      0.00      0.00        61
           $       0.79      0.82      0.80        95
         RBR       0.65      0.39      0.49        84
           ;       0.00      0.00      0.00        10
          UH       0.00      0.00      0.00         2

   micro avg       0.80      0.79      0.79     98816
   macro avg       0.66      0.61      0.62     98816
weighted avg       0.79      0.79      0.79     98816

--- TAG (NER) Classification Report ---
              precision    recall  f1-score   support

           O       0.97      0.97      0.97     83208
       B-geo       0.69      0.76      0.72      3598
       B-gpe       0.81      0.83      0.82      1550
       B-per       0.74      0.71      0.72      1738
       I-geo       0.61      0.63      0.62       707
       B-org       0.67      0.54      0.60      1956
       I-org       0.72      0.63      0.67      1662
       B-tim       0.73      0.69      0.71      1896
       B-art       0.00      0.00      0.00        36
       I-art       0.00      0.00      0.00        29
       I-per       0.73      0.82      0.78      1763
       I-gpe       0.00      0.00      0.00        25
       I-tim       0.65      0.56      0.61       581
       B-nat       0.00      0.00      0.00        22
       B-eve       0.00      0.00      0.00        25
       I-eve       0.15      0.13      0.14        15
       I-nat       0.00      0.00      0.00         5

   micro avg       0.93      0.93      0.93     98816
   macro avg       0.44      0.43      0.43     98816
weighted avg       0.93      0.93      0.93     98816

POS:  tensor(0.7410, device='cuda:0')
TAG:  tensor(0.2513, device='cuda:0')
-----------------
epoch time:  133.07321619987488
-----------------------------------
Epoch 11

--- POS Classification Report ---
              precision    recall  f1-score   support

         NNS       0.81      0.80      0.80      7038
          IN       0.80      0.80      0.80     11786
         VBP       0.84      0.86      0.85      1555
         VBN       0.79      0.81      0.80      3150
         NNP       0.85      0.86      0.86     12934
          TO       0.77      0.80      0.78      2385
          VB       0.77      0.79      0.78      2488
          DT       0.83      0.85      0.84      9473
          NN       0.80      0.78      0.79     13617
          CC       0.67      0.73      0.70      2257
          JJ       0.79      0.79      0.79      7558
           .       0.73      0.67      0.70      2309
         VBD       0.81      0.82      0.82      3826
          WP       0.68      0.74      0.71       275
          ``       0.24      0.03      0.06       323
          CD       0.78      0.81      0.80      2228
         PRP       0.79      0.80      0.80      1312
         VBZ       0.88      0.88      0.88      2508
         POS       0.82      0.87      0.84      1109
         VBG       0.73      0.75      0.74      1817
          RB       0.76      0.74      0.75      1998
           ,       0.70      0.55      0.61      3151
         WRB       0.68      0.68      0.68       225
        PRP$       0.75      0.79      0.77       905
          MD       0.80      0.82      0.81       690
         WDT       0.73      0.76      0.74       355
         JJR       0.70      0.75      0.72       280
           :       0.00      0.00      0.00        72
         JJS       0.82      0.84      0.83       295
         WP$       0.00      0.00      0.00        12
          RP       0.70      0.71      0.71       233
         PDT       1.00      0.12      0.22        16
        NNPS       0.69      0.63      0.66       223
          EX       0.86      0.86      0.86        73
         RBS       0.71      0.50      0.59        20
         LRB       0.60      0.04      0.08        68
         RRB       0.00      0.00      0.00        61
           $       0.82      0.84      0.83        95
         RBR       0.65      0.38      0.48        84
           ;       0.00      0.00      0.00        10
          UH       0.00      0.00      0.00         2

   micro avg       0.80      0.79      0.80     98816
   macro avg       0.66      0.62      0.62     98816
weighted avg       0.79      0.79      0.79     98816

--- TAG (NER) Classification Report ---
              precision    recall  f1-score   support

           O       0.97      0.97      0.97     83208
       B-geo       0.68      0.75      0.72      3598
       B-gpe       0.81      0.84      0.82      1550
       B-per       0.74      0.72      0.73      1738
       I-geo       0.62      0.63      0.62       707
       B-org       0.67      0.54      0.60      1956
       I-org       0.72      0.63      0.67      1662
       B-tim       0.70      0.70      0.70      1896
       B-art       0.00      0.00      0.00        36
       I-art       0.00      0.00      0.00        29
       I-per       0.72      0.84      0.78      1763
       I-gpe       0.00      0.00      0.00        25
       I-tim       0.66      0.56      0.61       581
       B-nat       0.00      0.00      0.00        22
       B-eve       0.08      0.04      0.05        25
       I-eve       0.15      0.13      0.14        15
       I-nat       0.00      0.00      0.00         5

   micro avg       0.93      0.92      0.93     98816
   macro avg       0.44      0.43      0.44     98816
weighted avg       0.93      0.92      0.93     98816

POS:  tensor(0.7663, device='cuda:0')
TAG:  tensor(0.2577, device='cuda:0')
-----------------
epoch time:  132.80216121673584
-----------------------------------
Epoch 12

--- POS Classification Report ---
              precision    recall  f1-score   support

         NNS       0.80      0.81      0.81      7038
          IN       0.80      0.80      0.80     11786
         VBP       0.83      0.86      0.85      1555
         VBN       0.81      0.81      0.81      3150
         NNP       0.86      0.85      0.86     12934
          TO       0.78      0.80      0.79      2385
          VB       0.78      0.78      0.78      2488
          DT       0.83      0.85      0.84      9473
          NN       0.80      0.79      0.79     13617
          CC       0.68      0.72      0.70      2257
          JJ       0.79      0.80      0.80      7558
           .       0.72      0.68      0.70      2309
         VBD       0.81      0.82      0.82      3826
          WP       0.68      0.77      0.72       275
          ``       0.23      0.04      0.07       323
          CD       0.79      0.81      0.80      2228
         PRP       0.79      0.81      0.80      1312
         VBZ       0.87      0.89      0.88      2508
         POS       0.83      0.86      0.84      1109
         VBG       0.74      0.75      0.74      1817
          RB       0.76      0.74      0.75      1998
           ,       0.69      0.55      0.62      3151
         WRB       0.65      0.68      0.67       225
        PRP$       0.76      0.80      0.78       905
          MD       0.79      0.83      0.81       690
         WDT       0.75      0.74      0.74       355
         JJR       0.70      0.77      0.74       280
           :       0.00      0.00      0.00        72
         JJS       0.83      0.84      0.84       295
         WP$       0.00      0.00      0.00        12
          RP       0.70      0.71      0.71       233
         PDT       1.00      0.12      0.22        16
        NNPS       0.69      0.61      0.65       223
          EX       0.86      0.86      0.86        73
         RBS       0.71      0.50      0.59        20
         LRB       0.46      0.09      0.15        68
         RRB       0.33      0.02      0.03        61
           $       0.82      0.85      0.84        95
         RBR       0.65      0.39      0.49        84
           ;       0.00      0.00      0.00        10
          UH       0.00      0.00      0.00         2

   micro avg       0.80      0.80      0.80     98816
   macro avg       0.67      0.62      0.63     98816
weighted avg       0.80      0.80      0.80     98816

--- TAG (NER) Classification Report ---
              precision    recall  f1-score   support

           O       0.97      0.97      0.97     83208
       B-geo       0.70      0.75      0.72      3598
       B-gpe       0.82      0.83      0.83      1550
       B-per       0.74      0.73      0.73      1738
       I-geo       0.62      0.63      0.62       707
       B-org       0.68      0.54      0.60      1956
       I-org       0.71      0.64      0.67      1662
       B-tim       0.73      0.70      0.71      1896
       B-art       0.00      0.00      0.00        36
       I-art       0.00      0.00      0.00        29
       I-per       0.73      0.83      0.78      1763
       I-gpe       0.00      0.00      0.00        25
       I-tim       0.66      0.57      0.61       581
       B-nat       0.00      0.00      0.00        22
       B-eve       0.00      0.00      0.00        25
       I-eve       0.20      0.20      0.20        15
       I-nat       0.00      0.00      0.00         5

   micro avg       0.93      0.92      0.93     98816
   macro avg       0.44      0.43      0.44     98816
weighted avg       0.93      0.92      0.93     98816

POS:  tensor(0.7661, device='cuda:0')
TAG:  tensor(0.2556, device='cuda:0')
-----------------
epoch time:  136.85682940483093
-----------------------------------
Epoch 13

--- POS Classification Report ---
              precision    recall  f1-score   support

         NNS       0.82      0.80      0.81      7038
          IN       0.80      0.81      0.81     11786
         VBP       0.84      0.86      0.85      1555
         VBN       0.81      0.81      0.81      3150
         NNP       0.86      0.86      0.86     12934
          TO       0.78      0.80      0.79      2385
          VB       0.77      0.79      0.78      2488
          DT       0.84      0.85      0.84      9473
          NN       0.80      0.79      0.79     13617
          CC       0.68      0.72      0.70      2257
          JJ       0.79      0.81      0.80      7558
           .       0.72      0.68      0.70      2309
         VBD       0.81      0.82      0.82      3826
          WP       0.70      0.73      0.72       275
          ``       0.26      0.04      0.07       323
          CD       0.79      0.82      0.80      2228
         PRP       0.80      0.80      0.80      1312
         VBZ       0.88      0.89      0.88      2508
         POS       0.83      0.87      0.85      1109
         VBG       0.75      0.75      0.75      1817
          RB       0.77      0.75      0.76      1998
           ,       0.69      0.56      0.62      3151
         WRB       0.68      0.69      0.69       225
        PRP$       0.76      0.80      0.78       905
          MD       0.80      0.83      0.81       690
         WDT       0.76      0.76      0.76       355
         JJR       0.70      0.74      0.72       280
           :       0.00      0.00      0.00        72
         JJS       0.85      0.85      0.85       295
         WP$       1.00      0.08      0.15        12
          RP       0.72      0.71      0.71       233
         PDT       1.00      0.19      0.32        16
        NNPS       0.67      0.65      0.66       223
          EX       0.86      0.86      0.86        73
         RBS       0.73      0.55      0.63        20
         LRB       0.56      0.07      0.13        68
         RRB       0.50      0.02      0.03        61
           $       0.82      0.85      0.84        95
         RBR       0.66      0.39      0.49        84
           ;       0.00      0.00      0.00        10
          UH       0.00      0.00      0.00         2

   micro avg       0.80      0.80      0.80     98816
   macro avg       0.70      0.63      0.64     98816
weighted avg       0.80      0.80      0.80     98816

--- TAG (NER) Classification Report ---
              precision    recall  f1-score   support

           O       0.97      0.97      0.97     83208
       B-geo       0.70      0.75      0.73      3598
       B-gpe       0.83      0.83      0.83      1550
       B-per       0.75      0.72      0.73      1738
       I-geo       0.63      0.65      0.64       707
       B-org       0.65      0.56      0.60      1956
       I-org       0.68      0.67      0.67      1662
       B-tim       0.72      0.70      0.71      1896
       B-art       0.00      0.00      0.00        36
       I-art       0.00      0.00      0.00        29
       I-per       0.74      0.83      0.78      1763
       I-gpe       0.00      0.00      0.00        25
       I-tim       0.66      0.58      0.62       581
       B-nat       0.00      0.00      0.00        22
       B-eve       0.06      0.04      0.05        25
       I-eve       0.15      0.20      0.17        15
       I-nat       0.00      0.00      0.00         5

   micro avg       0.93      0.93      0.93     98816
   macro avg       0.44      0.44      0.44     98816
weighted avg       0.93      0.93      0.93     98816

POS:  tensor(0.7799, device='cuda:0')
TAG:  tensor(0.2593, device='cuda:0')
-----------------
epoch time:  136.9635055065155
-----------------------------------
Epoch 14

--- POS Classification Report ---
              precision    recall  f1-score   support

         NNS       0.82      0.81      0.81      7038
          IN       0.80      0.81      0.80     11786
         VBP       0.85      0.87      0.86      1555
         VBN       0.80      0.81      0.81      3150
         NNP       0.86      0.86      0.86     12934
          TO       0.78      0.81      0.80      2385
          VB       0.78      0.79      0.79      2488
          DT       0.83      0.85      0.84      9473
          NN       0.79      0.80      0.79     13617
          CC       0.69      0.72      0.70      2257
          JJ       0.79      0.80      0.80      7558
           .       0.73      0.68      0.71      2309
         VBD       0.81      0.82      0.81      3826
          WP       0.70      0.75      0.73       275
          ``       0.27      0.05      0.08       323
          CD       0.79      0.82      0.80      2228
         PRP       0.80      0.79      0.79      1312
         VBZ       0.88      0.88      0.88      2508
         POS       0.83      0.88      0.85      1109
         VBG       0.75      0.75      0.75      1817
          RB       0.77      0.75      0.76      1998
           ,       0.69      0.56      0.62      3151
         WRB       0.67      0.72      0.69       225
        PRP$       0.75      0.80      0.77       905
          MD       0.81      0.82      0.81       690
         WDT       0.75      0.75      0.75       355
         JJR       0.70      0.74      0.72       280
           :       0.00      0.00      0.00        72
         JJS       0.83      0.87      0.85       295
         WP$       1.00      0.08      0.15        12
          RP       0.72      0.73      0.73       233
         PDT       1.00      0.19      0.32        16
        NNPS       0.68      0.66      0.67       223
          EX       0.85      0.88      0.86        73
         RBS       0.71      0.50      0.59        20
         LRB       0.45      0.07      0.13        68
         RRB       0.50      0.02      0.03        61
           $       0.82      0.85      0.84        95
         RBR       0.63      0.39      0.49        84
           ;       0.00      0.00      0.00        10
          UH       0.00      0.00      0.00         2

   micro avg       0.80      0.80      0.80     98816
   macro avg       0.70      0.63      0.63     98816
weighted avg       0.80      0.80      0.80     98816

--- TAG (NER) Classification Report ---
              precision    recall  f1-score   support

           O       0.97      0.97      0.97     83208
       B-geo       0.70      0.76      0.73      3598
       B-gpe       0.81      0.84      0.83      1550
       B-per       0.75      0.72      0.74      1738
       I-geo       0.63      0.64      0.63       707
       B-org       0.69      0.54      0.60      1956
       I-org       0.72      0.64      0.68      1662
       B-tim       0.71      0.70      0.71      1896
       B-art       0.00      0.00      0.00        36
       I-art       0.00      0.00      0.00        29
       I-per       0.74      0.84      0.79      1763
       I-gpe       0.00      0.00      0.00        25
       I-tim       0.65      0.58      0.61       581
       B-nat       0.00      0.00      0.00        22
       B-eve       0.06      0.04      0.05        25
       I-eve       0.19      0.20      0.19        15
       I-nat       0.00      0.00      0.00         5

   micro avg       0.93      0.93      0.93     98816
   macro avg       0.45      0.44      0.44     98816
weighted avg       0.93      0.93      0.93     98816

POS:  tensor(0.7887, device='cuda:0')
TAG:  tensor(0.2595, device='cuda:0')
-----------------
epoch time:  136.71527767181396
-----------------------------------
Epoch 15

--- POS Classification Report ---
              precision    recall  f1-score   support

         NNS       0.82      0.81      0.81      7038
          IN       0.80      0.80      0.80     11786
         VBP       0.84      0.86      0.85      1555
         VBN       0.81      0.81      0.81      3150
         NNP       0.86      0.86      0.86     12934
          TO       0.79      0.80      0.79      2385
          VB       0.78      0.79      0.78      2488
          DT       0.84      0.84      0.84      9473
          NN       0.79      0.80      0.79     13617
          CC       0.69      0.72      0.71      2257
          JJ       0.79      0.81      0.80      7558
           .       0.74      0.67      0.71      2309
         VBD       0.81      0.83      0.82      3826
          WP       0.72      0.75      0.73       275
          ``       0.27      0.05      0.09       323
          CD       0.79      0.82      0.81      2228
         PRP       0.79      0.81      0.80      1312
         VBZ       0.88      0.89      0.88      2508
         POS       0.83      0.88      0.85      1109
         VBG       0.75      0.76      0.75      1817
          RB       0.76      0.77      0.76      1998
           ,       0.68      0.59      0.63      3151
         WRB       0.69      0.68      0.68       225
        PRP$       0.77      0.81      0.79       905
          MD       0.79      0.82      0.80       690
         WDT       0.75      0.75      0.75       355
         JJR       0.71      0.76      0.73       280
           :       0.00      0.00      0.00        72
         JJS       0.83      0.85      0.84       295
         WP$       1.00      0.08      0.15        12
          RP       0.72      0.73      0.72       233
         PDT       1.00      0.25      0.40        16
        NNPS       0.67      0.63      0.65       223
          EX       0.84      0.88      0.86        73
         RBS       0.72      0.65      0.68        20
         LRB       0.45      0.07      0.13        68
         RRB       0.50      0.03      0.06        61
           $       0.84      0.85      0.84        95
         RBR       0.65      0.44      0.52        84
           ;       0.00      0.00      0.00        10
          UH       0.00      0.00      0.00         2

   micro avg       0.80      0.80      0.80     98816
   macro avg       0.70      0.63      0.64     98816
weighted avg       0.80      0.80      0.80     98816

--- TAG (NER) Classification Report ---
              precision    recall  f1-score   support

           O       0.97      0.97      0.97     83208
       B-geo       0.70      0.76      0.73      3598
       B-gpe       0.82      0.84      0.83      1550
       B-per       0.76      0.72      0.74      1738
       I-geo       0.62      0.64      0.63       707
       B-org       0.67      0.55      0.61      1956
       I-org       0.71      0.66      0.68      1662
       B-tim       0.73      0.69      0.71      1896
       B-art       0.00      0.00      0.00        36
       I-art       0.00      0.00      0.00        29
       I-per       0.73      0.84      0.78      1763
       I-gpe       0.00      0.00      0.00        25
       I-tim       0.66      0.59      0.62       581
       B-nat       0.00      0.00      0.00        22
       B-eve       0.06      0.04      0.05        25
       I-eve       0.15      0.20      0.17        15
       I-nat       0.00      0.00      0.00         5

   micro avg       0.93      0.93      0.93     98816
   macro avg       0.45      0.44      0.44     98816
weighted avg       0.93      0.93      0.93     98816

POS:  tensor(0.7991, device='cuda:0')
TAG:  tensor(0.2632, device='cuda:0')
-----------------
epoch time:  137.02152752876282
-----------------------------------
Epoch 16

--- POS Classification Report ---
              precision    recall  f1-score   support

         NNS       0.82      0.81      0.81      7038
          IN       0.80      0.81      0.81     11786
         VBP       0.85      0.86      0.86      1555
         VBN       0.82      0.81      0.81      3150
         NNP       0.87      0.86      0.86     12934
          TO       0.79      0.80      0.80      2385
          VB       0.79      0.80      0.79      2488
          DT       0.84      0.85      0.84      9473
          NN       0.80      0.79      0.80     13617
          CC       0.69      0.72      0.71      2257
          JJ       0.79      0.80      0.80      7558
           .       0.71      0.69      0.70      2309
         VBD       0.81      0.83      0.82      3826
          WP       0.72      0.75      0.73       275
          ``       0.23      0.05      0.08       323
          CD       0.79      0.82      0.81      2228
         PRP       0.79      0.80      0.80      1312
         VBZ       0.88      0.88      0.88      2508
         POS       0.83      0.87      0.85      1109
         VBG       0.75      0.75      0.75      1817
          RB       0.76      0.77      0.76      1998
           ,       0.69      0.56      0.62      3151
         WRB       0.66      0.70      0.68       225
        PRP$       0.76      0.80      0.78       905
          MD       0.80      0.83      0.82       690
         WDT       0.75      0.76      0.76       355
         JJR       0.73      0.76      0.75       280
           :       0.00      0.00      0.00        72
         JJS       0.84      0.85      0.85       295
         WP$       1.00      0.17      0.29        12
          RP       0.73      0.74      0.74       233
         PDT       1.00      0.31      0.48        16
        NNPS       0.68      0.65      0.66       223
          EX       0.86      0.89      0.87        73
         RBS       0.72      0.65      0.68        20
         LRB       0.45      0.07      0.13        68
         RRB       0.50      0.03      0.06        61
           $       0.82      0.84      0.83        95
         RBR       0.65      0.44      0.52        84
           ;       0.00      0.00      0.00        10
          UH       0.00      0.00      0.00         2

   micro avg       0.80      0.80      0.80     98816
   macro avg       0.70      0.64      0.65     98816
weighted avg       0.80      0.80      0.80     98816

--- TAG (NER) Classification Report ---
              precision    recall  f1-score   support

           O       0.97      0.97      0.97     83208
       B-geo       0.71      0.75      0.73      3598
       B-gpe       0.83      0.84      0.83      1550
       B-per       0.75      0.73      0.74      1738
       I-geo       0.65      0.64      0.64       707
       B-org       0.67      0.56      0.61      1956
       I-org       0.71      0.66      0.68      1662
       B-tim       0.72      0.70      0.71      1896
       B-art       0.00      0.00      0.00        36
       I-art       0.00      0.00      0.00        29
       I-per       0.74      0.84      0.79      1763
       I-gpe       0.00      0.00      0.00        25
       I-tim       0.65      0.60      0.62       581
       B-nat       0.00      0.00      0.00        22
       B-eve       0.06      0.04      0.05        25
       I-eve       0.19      0.20      0.19        15
       I-nat       0.00      0.00      0.00         5

   micro avg       0.93      0.93      0.93     98816
   macro avg       0.45      0.44      0.45     98816
weighted avg       0.93      0.93      0.93     98816

POS:  tensor(0.8258, device='cuda:0')
TAG:  tensor(0.2663, device='cuda:0')
-----------------
epoch time:  136.84493279457092
-----------------------------------
Epoch 17

--- POS Classification Report ---
              precision    recall  f1-score   support

         NNS       0.82      0.81      0.81      7038
          IN       0.80      0.81      0.81     11786
         VBP       0.85      0.86      0.86      1555
         VBN       0.82      0.81      0.81      3150
         NNP       0.87      0.86      0.86     12934
          TO       0.79      0.80      0.80      2385
          VB       0.78      0.80      0.79      2488
          DT       0.84      0.85      0.84      9473
          NN       0.80      0.79      0.80     13617
          CC       0.69      0.72      0.71      2257
          JJ       0.80      0.80      0.80      7558
           .       0.70      0.68      0.69      2309
         VBD       0.81      0.83      0.82      3826
          WP       0.72      0.75      0.73       275
          ``       0.25      0.05      0.09       323
          CD       0.80      0.81      0.81      2228
         PRP       0.80      0.80      0.80      1312
         VBZ       0.88      0.88      0.88      2508
         POS       0.84      0.88      0.86      1109
         VBG       0.76      0.75      0.76      1817
          RB       0.76      0.77      0.77      1998
           ,       0.69      0.57      0.63      3151
         WRB       0.68      0.71      0.70       225
        PRP$       0.76      0.80      0.78       905
          MD       0.81      0.83      0.82       690
         WDT       0.75      0.77      0.76       355
         JJR       0.74      0.75      0.74       280
           :       0.00      0.00      0.00        72
         JJS       0.84      0.86      0.85       295
         WP$       1.00      0.33      0.50        12
          RP       0.72      0.74      0.73       233
         PDT       1.00      0.31      0.48        16
        NNPS       0.68      0.65      0.66       223
          EX       0.87      0.89      0.88        73
         RBS       0.71      0.60      0.65        20
         LRB       0.45      0.07      0.13        68
         RRB       0.50      0.03      0.06        61
           $       0.84      0.85      0.85        95
         RBR       0.65      0.46      0.54        84
           ;       0.00      0.00      0.00        10
          UH       0.00      0.00      0.00         2

   micro avg       0.81      0.80      0.80     98816
   macro avg       0.70      0.64      0.65     98816
weighted avg       0.80      0.80      0.80     98816

--- TAG (NER) Classification Report ---
              precision    recall  f1-score   support

           O       0.97      0.97      0.97     83208
       B-geo       0.71      0.76      0.73      3598
       B-gpe       0.83      0.83      0.83      1550
       B-per       0.75      0.73      0.74      1738
       I-geo       0.63      0.64      0.64       707
       B-org       0.68      0.55      0.61      1956
       I-org       0.71      0.66      0.68      1662
       B-tim       0.73      0.69      0.71      1896
       B-art       0.00      0.00      0.00        36
       I-art       0.00      0.00      0.00        29
       I-per       0.74      0.84      0.79      1763
       I-gpe       0.00      0.00      0.00        25
       I-tim       0.65      0.60      0.62       581
       B-nat       0.00      0.00      0.00        22
       B-eve       0.06      0.04      0.05        25
       I-eve       0.17      0.20      0.18        15
       I-nat       0.00      0.00      0.00         5

   micro avg       0.93      0.93      0.93     98816
   macro avg       0.45      0.44      0.44     98816
weighted avg       0.93      0.93      0.93     98816

POS:  tensor(0.8372, device='cuda:0')
TAG:  tensor(0.2714, device='cuda:0')
-----------------
epoch time:  137.6963357925415
-----------------------------------
Epoch 18

--- POS Classification Report ---
              precision    recall  f1-score   support

         NNS       0.82      0.81      0.82      7038
          IN       0.81      0.81      0.81     11786
         VBP       0.86      0.87      0.86      1555
         VBN       0.82      0.81      0.81      3150
         NNP       0.87      0.86      0.86     12934
          TO       0.79      0.81      0.80      2385
          VB       0.79      0.80      0.79      2488
          DT       0.84      0.85      0.84      9473
          NN       0.80      0.80      0.80     13617
          CC       0.70      0.72      0.71      2257
          JJ       0.80      0.80      0.80      7558
           .       0.70      0.68      0.69      2309
         VBD       0.82      0.83      0.82      3826
          WP       0.72      0.75      0.73       275
          ``       0.26      0.05      0.09       323
          CD       0.80      0.82      0.81      2228
         PRP       0.81      0.81      0.81      1312
         VBZ       0.88      0.88      0.88      2508
         POS       0.85      0.87      0.86      1109
         VBG       0.76      0.75      0.76      1817
          RB       0.77      0.77      0.77      1998
           ,       0.69      0.58      0.63      3151
         WRB       0.67      0.70      0.68       225
        PRP$       0.77      0.80      0.78       905
          MD       0.81      0.83      0.82       690
         WDT       0.76      0.76      0.76       355
         JJR       0.73      0.75      0.74       280
           :       0.00      0.00      0.00        72
         JJS       0.84      0.85      0.85       295
         WP$       0.80      0.33      0.47        12
          RP       0.73      0.74      0.73       233
         PDT       1.00      0.38      0.55        16
        NNPS       0.68      0.65      0.67       223
          EX       0.87      0.89      0.88        73
         RBS       0.74      0.70      0.72        20
         LRB       0.46      0.09      0.15        68
         RRB       0.33      0.03      0.06        61
           $       0.84      0.85      0.84        95
         RBR       0.63      0.43      0.51        84
           ;       0.00      0.00      0.00        10
          UH       0.00      0.00      0.00         2

   micro avg       0.81      0.80      0.80     98816
   macro avg       0.70      0.65      0.66     98816
weighted avg       0.80      0.80      0.80     98816

--- TAG (NER) Classification Report ---
              precision    recall  f1-score   support

           O       0.97      0.97      0.97     83208
       B-geo       0.71      0.76      0.73      3598
       B-gpe       0.83      0.83      0.83      1550
       B-per       0.75      0.73      0.74      1738
       I-geo       0.64      0.64      0.64       707
       B-org       0.68      0.56      0.61      1956
       I-org       0.70      0.67      0.68      1662
       B-tim       0.73      0.70      0.71      1896
       B-art       0.00      0.00      0.00        36
       I-art       0.00      0.00      0.00        29
       I-per       0.74      0.84      0.79      1763
       I-gpe       0.00      0.00      0.00        25
       I-tim       0.65      0.60      0.62       581
       B-nat       0.00      0.00      0.00        22
       B-eve       0.06      0.04      0.05        25
       I-eve       0.18      0.20      0.19        15
       I-nat       0.00      0.00      0.00         5

   micro avg       0.93      0.93      0.93     98816
   macro avg       0.45      0.44      0.45     98816
weighted avg       0.93      0.93      0.93     98816

POS:  tensor(0.8322, device='cuda:0')
TAG:  tensor(0.2709, device='cuda:0')
-----------------
epoch time:  136.70958733558655
-----------------------------------
Epoch 19

--- POS Classification Report ---
              precision    recall  f1-score   support

         NNS       0.82      0.81      0.82      7038
          IN       0.81      0.81      0.81     11786
         VBP       0.85      0.86      0.86      1555
         VBN       0.82      0.81      0.82      3150
         NNP       0.87      0.86      0.86     12934
          TO       0.79      0.81      0.80      2385
          VB       0.79      0.79      0.79      2488
          DT       0.84      0.85      0.85      9473
          NN       0.80      0.80      0.80     13617
          CC       0.70      0.73      0.71      2257
          JJ       0.80      0.81      0.80      7558
           .       0.73      0.68      0.71      2309
         VBD       0.82      0.83      0.82      3826
          WP       0.71      0.76      0.73       275
          ``       0.24      0.05      0.09       323
          CD       0.79      0.82      0.81      2228
         PRP       0.80      0.81      0.81      1312
         VBZ       0.89      0.89      0.89      2508
         POS       0.84      0.87      0.86      1109
         VBG       0.76      0.76      0.76      1817
          RB       0.77      0.77      0.77      1998
           ,       0.68      0.59      0.63      3151
         WRB       0.67      0.70      0.69       225
        PRP$       0.78      0.81      0.79       905
          MD       0.80      0.83      0.81       690
         WDT       0.75      0.77      0.76       355
         JJR       0.73      0.75      0.74       280
           :       0.00      0.00      0.00        72
         JJS       0.83      0.86      0.85       295
         WP$       0.80      0.33      0.47        12
          RP       0.73      0.73      0.73       233
         PDT       1.00      0.38      0.55        16
        NNPS       0.68      0.66      0.67       223
          EX       0.83      0.88      0.85        73
         RBS       0.72      0.65      0.68        20
         LRB       0.46      0.09      0.15        68
         RRB       0.40      0.03      0.06        61
           $       0.85      0.85      0.85        95
         RBR       0.63      0.46      0.53        84
           ;       0.00      0.00      0.00        10
          UH       0.00      0.00      0.00         2

   micro avg       0.81      0.80      0.81     98816
   macro avg       0.70      0.65      0.66     98816
weighted avg       0.81      0.80      0.80     98816

--- TAG (NER) Classification Report ---
              precision    recall  f1-score   support

           O       0.97      0.97      0.97     83208
       B-geo       0.72      0.75      0.73      3598
       B-gpe       0.83      0.84      0.83      1550
       B-per       0.76      0.73      0.74      1738
       I-geo       0.64      0.64      0.64       707
       B-org       0.66      0.58      0.62      1956
       I-org       0.69      0.67      0.68      1662
       B-tim       0.74      0.70      0.72      1896
       B-art       0.00      0.00      0.00        36
       I-art       0.00      0.00      0.00        29
       I-per       0.74      0.84      0.79      1763
       I-gpe       0.00      0.00      0.00        25
       I-tim       0.65      0.59      0.62       581
       B-nat       0.00      0.00      0.00        22
       B-eve       0.06      0.04      0.05        25
       I-eve       0.18      0.20      0.19        15
       I-nat       0.00      0.00      0.00         5

   micro avg       0.93      0.93      0.93     98816
   macro avg       0.45      0.44      0.45     98816
weighted avg       0.93      0.93      0.93     98816

POS:  tensor(0.8243, device='cuda:0')
TAG:  tensor(0.2669, device='cuda:0')
-----------------
epoch time:  137.1419596672058
-----------------------------------
Epoch 20

--- POS Classification Report ---
              precision    recall  f1-score   support

         NNS       0.82      0.81      0.82      7038
          IN       0.81      0.81      0.81     11786
         VBP       0.85      0.86      0.86      1555
         VBN       0.82      0.81      0.82      3150
         NNP       0.87      0.86      0.86     12934
          TO       0.79      0.81      0.80      2385
          VB       0.79      0.79      0.79      2488
          DT       0.84      0.85      0.85      9473
          NN       0.80      0.80      0.80     13617
          CC       0.70      0.73      0.71      2257
          JJ       0.80      0.81      0.80      7558
           .       0.73      0.68      0.71      2309
         VBD       0.82      0.83      0.82      3826
          WP       0.71      0.76      0.73       275
          ``       0.24      0.05      0.09       323
          CD       0.79      0.82      0.81      2228
         PRP       0.80      0.81      0.81      1312
         VBZ       0.89      0.89      0.89      2508
         POS       0.84      0.87      0.86      1109
         VBG       0.76      0.76      0.76      1817
          RB       0.77      0.77      0.77      1998
           ,       0.68      0.59      0.63      3151
         WRB       0.67      0.70      0.69       225
        PRP$       0.78      0.81      0.79       905
          MD       0.80      0.83      0.81       690
         WDT       0.75      0.77      0.76       355
         JJR       0.73      0.75      0.74       280
           :       0.00      0.00      0.00        72
         JJS       0.83      0.86      0.85       295
         WP$       0.80      0.33      0.47        12
          RP       0.73      0.73      0.73       233
         PDT       1.00      0.38      0.55        16
        NNPS       0.68      0.66      0.67       223
          EX       0.83      0.88      0.85        73
         RBS       0.72      0.65      0.68        20
         LRB       0.46      0.09      0.15        68
         RRB       0.40      0.03      0.06        61
           $       0.85      0.85      0.85        95
         RBR       0.63      0.46      0.53        84
           ;       0.00      0.00      0.00        10
          UH       0.00      0.00      0.00         2

   micro avg       0.81      0.80      0.81     98816
   macro avg       0.70      0.65      0.66     98816
weighted avg       0.81      0.80      0.80     98816

--- TAG (NER) Classification Report ---
              precision    recall  f1-score   support

           O       0.97      0.97      0.97     83208
       B-geo       0.72      0.75      0.73      3598
       B-gpe       0.83      0.84      0.83      1550
       B-per       0.76      0.73      0.74      1738
       I-geo       0.64      0.64      0.64       707
       B-org       0.66      0.58      0.62      1956
       I-org       0.69      0.67      0.68      1662
       B-tim       0.74      0.70      0.72      1896
       B-art       0.00      0.00      0.00        36
       I-art       0.00      0.00      0.00        29
       I-per       0.74      0.84      0.79      1763
       I-gpe       0.00      0.00      0.00        25
       I-tim       0.65      0.59      0.62       581
       B-nat       0.00      0.00      0.00        22
       B-eve       0.06      0.04      0.05        25
       I-eve       0.18      0.20      0.19        15
       I-nat       0.00      0.00      0.00         5

   micro avg       0.93      0.93      0.93     98816
   macro avg       0.45      0.44      0.45     98816
weighted avg       0.93      0.93      0.93     98816

POS:  tensor(0.8243, device='cuda:0')
TAG:  tensor(0.2669, device='cuda:0')
-----------------
epoch time:  137.2472059726715
